set1_score: -0.002537667699
set2_score: -0.000135378044
Duration: 5.827282
